Travis
78751
78756
78722
78705
78712
78752
78723
78703
78757
78701
78718
78720
78708
78709
78711
78713
78714
78715
78716
73344
78765
78766
78767
78768
78778
78772
78773
78774
78755
78779
78783
78799
78760
78761
78762
78763
78764
78702
78731
78710
78721
78758
78746
78704
78741
78753
78754
78759
78742
73301
78724
78730
78725
78727
78735
78750
78745
78744
78733
78728
78651
78729
78726
78749
78691
78732
78748
78660
78653
78719
78717
78747
78736
78739
78683
78617
78680
78630
78613
78664
78652
78681
78682
78734
78738
78665
78737
78645
78610
78641
78646
78634